0 0.628719 0.867049 0.125406 0.199431
0 0.709727 0.551806 0.060703 0.061944
0 0.821992 0.559028 0.068828 0.055833
0 0.424297 0.566597 0.052344 0.080417
0 0.301055 0.650069 0.051641 0.092917
0 0.332500 0.537014 0.042969 0.062361
0 0.778438 0.655208 0.084531 0.071528
0 0.567617 0.498542 0.055547 0.091250
0 0.800586 0.506875 0.063203 0.047639
0 0.565312 0.478819 0.051875 0.052083
0 0.682031 0.497569 0.052500 0.052917
0 0.962695 0.618542 0.074609 0.099028
0 0.300629 0.422785 0.031820 0.031681
0 0.360297 0.409764 0.029594 0.035083
0 0.342063 0.430917 0.032406 0.031417
0 0.387719 0.426333 0.030188 0.030111
0 0.321230 0.477243 0.042180 0.046958
0 0.275648 0.489354 0.041328 0.049986
0 0.373195 0.508264 0.045609 0.059028
0 0.259910 0.942167 0.096195 0.115667
0 0.258867 0.546042 0.041797 0.098750
0 0.651250 0.440764 0.123125 0.088750
0 0.505336 0.427125 0.101625 0.096194
