0 0.375461 0.518368 0.044922 0.047792
0 0.468480 0.418653 0.032180 0.025417
0 0.547219 0.454819 0.043344 0.048194
0 0.331082 0.482125 0.042961 0.043556
0 0.379773 0.476181 0.039781 0.041861
0 0.258391 0.477882 0.040062 0.047514
0 0.249621 0.444222 0.035961 0.036778
0 0.533645 0.582208 0.054523 0.071194
0 0.597578 0.826528 0.094062 0.139722
0 0.498086 0.628750 0.066484 0.102222
0 0.766172 0.642292 0.077344 0.085139
0 0.920117 0.651667 0.100234 0.102778
0 0.628633 0.510556 0.052266 0.047500
0 0.308672 0.521250 0.040000 0.057500
0 0.545000 0.502153 0.044688 0.050139
0 0.657891 0.699167 0.088594 0.113611
0 0.401016 0.677431 0.060937 0.114861
0 0.443555 0.502986 0.049453 0.066806
0 0.369375 0.587639 0.046719 0.076667
0 0.704102 0.509861 0.057109 0.065000
0 0.648984 0.565556 0.055156 0.053889
0 0.467344 0.446319 0.040313 0.035139
0 0.419180 0.431667 0.038516 0.034444
0 0.346914 0.403889 0.035859 0.018611
0 0.867227 0.931319 0.135547 0.134583
0 0.662434 0.958479 0.114836 0.083042
0 0.345191 0.426132 0.035180 0.026625
