0 0.497344 0.481389 0.042812 0.038611
0 0.635234 0.557431 0.058906 0.051806
0 0.772852 0.652847 0.078359 0.090694
0 0.814414 0.519653 0.059922 0.057917
0 0.768789 0.568958 0.067422 0.067361
0 0.608125 0.889653 0.110781 0.182361
0 0.275820 0.707986 0.062734 0.101250
0 0.271953 0.832708 0.080469 0.161806
0 0.686523 0.742708 0.090234 0.116250
0 0.462695 0.949444 0.114297 0.095000
0 0.762930 0.409375 0.037422 0.050417
0 0.394973 0.445646 0.038664 0.037319
0 0.428109 0.433861 0.037188 0.043861
0 0.377645 0.609778 0.063570 0.102083
0 0.478336 0.608993 0.063609 0.100514
0 0.239277 0.532535 0.040727 0.049792
0 0.274918 0.485292 0.038820 0.046944
0 0.307379 0.470014 0.040102 0.044694
0 0.595301 0.461292 0.033008 0.047417
0 0.555273 0.466250 0.051641 0.052500
0 0.965625 0.702361 0.064375 0.075833
0 0.326328 0.420486 0.034844 0.028750
