0 0.635313 0.561528 0.046250 0.050556
0 0.853086 0.942500 0.107109 0.108333
0 0.830742 0.612083 0.071641 0.062222
0 0.985586 0.636250 0.028359 0.087500
0 0.273984 0.839514 0.085625 0.135694
0 0.507148 0.464444 0.040391 0.038056
0 0.423828 0.421667 0.037031 0.034167
0 0.668086 0.521944 0.043828 0.045000
0 0.862375 0.705785 0.098203 0.089819
0 0.340469 0.421042 0.031562 0.039028
0 0.382109 0.624167 0.050781 0.077222
0 0.239648 0.521181 0.040234 0.063194
0 0.307422 0.529375 0.047031 0.072639
0 0.293406 0.465604 0.042328 0.041292
0 0.345313 0.490493 0.043438 0.047708
0 0.596535 0.639465 0.070242 0.096375
0 0.561820 0.488604 0.045531 0.048097
0 0.567707 0.443174 0.039430 0.039431
0 0.433211 0.896597 0.110203 0.206806
