0 0.774402 0.417826 0.047867 0.052375
0 0.408281 0.431826 0.031375 0.036764
0 0.373695 0.437118 0.037797 0.034653
0 0.813945 0.918007 0.160234 0.163986
0 0.345090 0.486361 0.045648 0.061528
0 0.264266 0.481479 0.042344 0.052958
0 0.258023 0.545868 0.042344 0.051181
0 0.453254 0.518132 0.047289 0.061347
0 0.276914 0.604722 0.046797 0.076667
0 0.718398 0.604097 0.064609 0.080417
0 0.850078 0.562361 0.061719 0.079167
0 0.785391 0.561944 0.099063 0.095278
0 0.480891 0.438035 0.040469 0.033375
0 0.433855 0.934444 0.127758 0.131111
0 0.591016 0.523125 0.037344 0.045417
0 0.482930 0.471875 0.041484 0.029583
0 0.386328 0.626458 0.060313 0.094028
0 0.528711 0.726458 0.068359 0.103194
0 0.456914 0.587222 0.055859 0.070278
0 0.306211 0.413264 0.020078 0.019583
0 0.613711 0.476458 0.036641 0.034583
0 0.575625 0.480139 0.052031 0.051111
