0 0.342852 0.543056 0.040078 0.067778
0 0.440586 0.581736 0.052109 0.067083
0 0.447813 0.457708 0.046563 0.048194
0 0.626055 0.499514 0.052109 0.053194
0 0.491523 0.462500 0.038516 0.040278
0 0.532344 0.674653 0.070000 0.105139
0 0.243277 0.428972 0.039055 0.034722
0 0.722734 0.548403 0.064531 0.070139
0 0.595156 0.528750 0.048906 0.060556
0 0.499805 0.556875 0.065234 0.072917
0 0.839023 0.618611 0.091797 0.080833
0 0.521699 0.437194 0.035117 0.051139
0 0.431664 0.418396 0.030891 0.034236
0 0.365359 0.434347 0.035563 0.032139
0 0.252148 0.523333 0.043359 0.097778
0 0.291094 0.596389 0.078906 0.178611
0 0.351367 0.470139 0.044609 0.056667
0 0.326129 0.417542 0.030617 0.027750
0 0.254418 0.457083 0.032180 0.037167
0 0.834277 0.550076 0.080836 0.071847
