0 0.370453 0.406104 0.031297 0.036653
0 0.409414 0.675208 0.059141 0.113750
0 0.284805 0.690972 0.060703 0.132778
0 0.340664 0.542917 0.051328 0.061944
0 0.850859 0.693958 0.089531 0.083194
0 0.521523 0.653750 0.071328 0.110278
0 0.267227 0.587014 0.047422 0.076528
0 0.700352 0.598958 0.066641 0.071250
0 0.715352 0.513681 0.055391 0.059861
0 0.456211 0.604028 0.051328 0.077222
0 0.774727 0.870417 0.118672 0.148333
0 0.576250 0.483125 0.050938 0.052917
0 0.877773 0.645625 0.082734 0.071250
0 0.246953 0.907222 0.098750 0.153611
0 0.361602 0.432639 0.031328 0.031667
0 0.313867 0.424722 0.029766 0.022222
0 0.444199 0.463271 0.038836 0.042375
0 0.487137 0.444236 0.033898 0.035139
0 0.599617 0.462687 0.027234 0.038181
0 0.420641 0.534181 0.058172 0.073000
0 0.494211 0.551417 0.051328 0.066917
0 0.670289 0.951458 0.116047 0.097083
0 0.236715 0.518965 0.037461 0.058708
0 0.262836 0.484354 0.040422 0.045569
0 0.229320 0.453250 0.043375 0.046444
0 0.309391 0.401049 0.030672 0.030292
