0 0.737734 0.492569 0.051562 0.051806
0 0.734594 0.788812 0.115750 0.175903
0 0.390117 0.631507 0.093516 0.194681
0 0.431738 0.506021 0.050273 0.069681
0 0.371270 0.477681 0.040180 0.038028
0 0.261680 0.483597 0.035000 0.049778
0 0.289473 0.439437 0.039930 0.043097
0 0.259789 0.452715 0.033078 0.035069
0 0.401395 0.412153 0.033555 0.040583
0 0.333789 0.486042 0.042578 0.045972
0 0.322070 0.417222 0.041484 0.034167
0 0.913594 0.577292 0.082969 0.086528
0 0.251719 0.551111 0.041094 0.049444
0 0.292266 0.506597 0.039062 0.062083
0 0.328008 0.541389 0.038516 0.063056
0 0.508867 0.566389 0.054609 0.063056
0 0.897266 0.460278 0.070938 0.064444
0 0.301055 0.596250 0.042734 0.074444
0 0.544297 0.733542 0.073750 0.110417
0 0.748555 0.577986 0.070547 0.064306
0 0.293242 0.778472 0.072422 0.150000
