0 0.623320 0.679722 0.078047 0.101944
0 0.292578 0.503750 0.040156 0.049722
0 0.552852 0.472153 0.052266 0.055694
0 0.262266 0.898542 0.121719 0.191806
0 0.778320 0.642986 0.087578 0.117083
0 0.842539 0.615972 0.072734 0.069444
0 0.616563 0.497639 0.051562 0.059722
0 0.285625 0.625556 0.053906 0.103611
0 0.736094 0.518403 0.052813 0.050694
0 0.700078 0.537708 0.057031 0.058750
0 0.476289 0.632639 0.059922 0.081944
0 0.330234 0.539514 0.046250 0.062917
0 0.543852 0.582104 0.059422 0.087986
0 0.461715 0.519340 0.058727 0.072736
0 0.380445 0.514590 0.047813 0.056958
0 0.660719 0.464812 0.048797 0.051708
0 0.463406 0.450722 0.035641 0.033944
0 0.438086 0.582222 0.048516 0.062778
0 0.515754 0.430924 0.042961 0.037347
0 0.322727 0.444660 0.044859 0.045569
0 0.231551 0.465694 0.034977 0.038556
0 0.273801 0.461417 0.036820 0.039278
0 0.404652 0.448514 0.032461 0.038361
0 0.373617 0.443590 0.029984 0.031292
0 0.296938 0.405208 0.031906 0.030306
0 0.341328 0.419833 0.029422 0.030806
