0 0.499691 0.482764 0.044305 0.051500
0 0.340957 0.491326 0.040898 0.054542
0 0.390336 0.443222 0.035719 0.037972
0 0.240293 0.464826 0.034617 0.043208
0 0.238453 0.521771 0.039766 0.052375
0 0.273801 0.585264 0.047133 0.051056
0 0.472852 0.426347 0.041750 0.047722
0 0.445375 0.460806 0.035359 0.045444
0 0.535266 0.432785 0.037063 0.040903
0 0.663125 0.471736 0.043750 0.039861
0 0.870547 0.959722 0.107500 0.068333
0 0.676020 0.960146 0.103836 0.079708
0 0.547312 0.581729 0.070719 0.101403
0 0.284723 0.631444 0.046867 0.077250
0 0.330309 0.545097 0.045148 0.068167
0 0.200863 0.477368 0.036914 0.053181
0 0.811172 0.676181 0.085000 0.082917
0 0.682734 0.721667 0.086250 0.128056
0 0.522500 0.693125 0.066562 0.116250
0 0.676914 0.580764 0.062266 0.066806
0 0.929141 0.608472 0.083594 0.075278
0 0.397578 0.657500 0.069687 0.137222
0 0.596523 0.529861 0.038672 0.048889
0 0.610234 0.474097 0.050312 0.051528
0 0.447266 0.573472 0.053750 0.065833
0 0.979414 0.580139 0.041172 0.071667
0 0.936523 0.692153 0.085703 0.076528
0 0.282734 0.782153 0.078438 0.169583
