0 0.502852 0.649931 0.069922 0.107917
0 0.245195 0.468889 0.037891 0.045833
0 0.352031 0.438125 0.025000 0.019583
0 0.396719 0.429792 0.020938 0.020972
0 0.971367 0.720104 0.057266 0.088264
0 0.613734 0.500889 0.048562 0.040111
0 0.429715 0.945083 0.130570 0.109833
0 0.313699 0.471333 0.041305 0.040139
0 0.382195 0.478910 0.042172 0.049986
0 0.261969 0.546208 0.044875 0.064528
0 0.487410 0.455451 0.029242 0.035847
0 0.323359 0.524931 0.047500 0.072639
0 0.461719 0.467361 0.031406 0.043333
0 0.555625 0.460833 0.035312 0.038889
0 0.835078 0.689375 0.090313 0.084583
0 0.559023 0.775139 0.082109 0.124722
0 0.765859 0.602361 0.068750 0.075556
0 0.825625 0.553194 0.072500 0.071111
0 0.282734 0.652708 0.056094 0.099861
0 0.620789 0.447410 0.048609 0.038625
0 0.323449 0.417750 0.031820 0.028833
0 0.634492 0.477521 0.044000 0.040097
