0 0.289453 0.501875 0.037500 0.041806
0 0.227266 0.470278 0.069063 0.060278
0 0.396133 0.691528 0.059297 0.093333
0 0.745039 0.559583 0.055703 0.054722
0 0.733047 0.621944 0.072344 0.073333
0 0.779297 0.545556 0.044687 0.040000
0 0.560820 0.510139 0.048672 0.048611
0 0.427449 0.502264 0.052648 0.057611
0 0.346762 0.431194 0.038742 0.032111
0 0.507508 0.442306 0.120328 0.131833
0 0.435293 0.433931 0.034977 0.047778
0 0.866836 0.720833 0.096016 0.097500
0 0.620664 0.550556 0.052266 0.055556
0 0.267344 0.539306 0.040156 0.069167
0 0.502383 0.554028 0.049141 0.056389
0 0.240469 0.466389 0.041875 0.049722
0 0.659375 0.514167 0.059844 0.047778
0 0.367199 0.509576 0.048992 0.064375
0 0.451035 0.948819 0.119258 0.102361
